0.5000     0.4600     0.6400     0.3600     0.5000     0          0.4900     0.2200     one        
0.5300     0.5600     0.4900     0.4600     0.5000     0          0.5200     0.2200     one        
0.5200     0.5300     0.5800     0.6900     0.5000     0          0.5000     0.2200     one        
0.6700     0.6200     0.5400     0.4300     0.5000     0          0.5300     0.2200     one        
0.4500     0.5700     0.3000     0.1700     0.5000     0          0.5100     0.2200     three      
0.6800     0.5300     0.4400     0.3100     0.5000     0          0.5100     0.2200     one        
0.3800     0.4200     0.3100     0.3500     0.5000     0          0.5200     0.2200     three      
0.4800     0.4600     0.5800     0.2600     0.5000     0          0.4400     0.2200     class2     
0.4500     0.3900     0.4600     0.2900     0.5000     0          0.4200     0.2200     one        
0.7800     0.7500     0.4000     0.2800     0.5000     0          0.5300     0.2200     one        
0.7400     0.8900     0.3200     0.2400     0.5000     0          0.5400     0.3200     class4     
0.2100     0.4100     0.5500     0.1100     0.5000     0          0.5000     0.2700     class7     
0.3500     0.5600     0.3600     0.3000     0.5000     0          0.5300     0.2500     three      
0.8000     0.7300     0.4700     0.1900     0.5000     0          0.4900     0.2200     class4     
0.7600     0.7600     0.3500     0.2700     0.5000     0          0.4400     0.2200     class4     
0.3800     0.4000     0.5300     0.1200     0.5000     0          0.5500     0.2200     class7     
0.6500     0.6300     0.4700     0.2200     0.5000     0          0.5200     0.2700     class7     
0.4100     0.4900     0.5500     0.1300     0.5000     0          0.5500     0.2200     class7     
0.5300     0.5100     0.5100     0.1100     0.5000     0          0.4900     0.4100     class2     
0.8500     0.8500     0.3000     0.3100     0.5000     0          0.5500     0.4200     class4     
0.6100     0.4800     0.5600     0.1900     0.5000     0          0.5300     0.3100     class7     
0.5500     0.6900     0.5100     0.1200     0.5000     0          0.5100     0.2200     class7     
0.4900     0.4000     0.5800     0.2300     0.5000     0          0.4700     0.2700     class7     
0.5600     0.5700     0.6300     0.3900     1          0          0.5900     0.4000     class2     
0.4500     0.5000     0.5700     0.2900     0.5000     0          0.4400     0.1100     class7     
0.3200     0.4400     0.5400     0.2100     0.5000     0          0.4000     0.1900     class7     
0.7500     0.6700     0.5100     0.2900     0.5000     0          0.5200     0.3600     one        
0.6300     0.5400     0.5300     0.2700     0.5000     0          0.4900     0.2200     class7     
0.5500     0.5600     0.4500     0.1400     0.5000     0          0.5400     0.2200     class7     
0.4500     0.2700     0.5700     0.3600     0.5000     0          0.5200     0.1800     class7     
0.5400     0.6400     0.4000     0.5600     0.5000     0          0.5100     0.2200     one        
0.3600     0.4900     0.3000     0.2200     0.5000     0          0.5200     0.3100     three      
0.4300     0.2800     0.5300     0.3400     0.5000     0          0.5500     0.5700     class2     
0.5100     0.5100     0.4300     0.8700     0.5000     0          0.5200     0.2200     one        
0.6000     0.4600     0.5100     0.1000     0.5000     0          0.4800     0.3100     class7     
0.5100     0.4800     0.5100     0.4300     0.5000     0          0.4900     0.2200     one        
0.1700     0.3800     0.4500     0.0900     0.5000     0          0.5400     0.2700     class2     
0.3700     0.3400     0.5800     0.2400     0.5000     0          0.4400     0.1800     class2     
0.5700     0.5300     0.5300     0.3400     0.5000     0          0.5300     0.2200     one        
0.4300     0.4400     0.4800     0.2200     0.5000     0          0.5100     0.2200     class7     
0.5700     0.6100     0.5500     0.6700     0.5000     0          0.4800     0.2200     one        
0.2900     0.4000     0.5000     0.1600     0.5000     0          0.5100     0.3400     class2     
0.6000     0.5900     0.4700     0.4700     0.5000     0          0.5300     0.2200     one        
0.3600     0.2400     0.4900     0.1600     0.5000     0          0.5100     0.2200     class2     
0.5400     0.5100     0.5600     0.1500     0.5000     0          0.5400     0.3100     class7     
0.5800     0.6400     0.4200     0.3000     0.5000     0          0.5400     0.2200     class2     
0.5500     0.4600     0.4600     0.3100     0.5000     0          0.5800     0.4800     class2     
0.4100     0.4700     0.5800     0.6200     0.5000     0          0.5000     0.2200     one        
0.4600     0.4800     0.3800     0.2200     0.5000     0          0.3900     0.4500     three      
0.3800     0.6800     0.4400     0.4500     0.5000     0          0.5300     0.2200     one        
0.3300     0.4600     0.6000     0.1800     0.5000     0          0.5100     0.2600     class2     
0.3900     0.3700     0.3300     0.2300     0.5000     0          0.5200     0.2600     three      
0.5300     0.5700     0.6000     0.3600     0.5000     0          0.5000     0.2200     class7     
0.3300     0.5500     0.5100     0.4300     0.5000     0          0.5100     0.2200     class2     
0.4500     0.4000     0.5600     0.1500     0.5000     0          0.5200     0.2200     class2     
0.2600     0.2800     0.6000     0.2000     0.5000     0          0.5400     0.3100     one        
0.6200     0.4200     0.4700     0.1600     0.5000     0          0.5200     0.2200     class7     
0.4900     0.3100     0.4300     0.2400     0.5000     0          0.5400     0.2200     three      
0.7400     0.7200     0.5000     0.2800     0.5000     0          0.5000     0.2700     eight      
0.5100     0.5600     0.6200     0.2400     0.5000     0          0.5200     0.5100     class2     
0.4400     0.3900     0.5300     0.1400     0.5000     0          0.5400     0.4400     class7     
0.8600     0.7800     0.3400     0.1500     0.5000     0          0.5300     0.2200     five       
0.5500     0.5100     0.5400     0.2000     0.5000     0          0.5600     0.2200     class7     
0.4700     0.5900     0.3700     0.3100     0.5000     0          0.5100     0.3600     class2     
0.5000     0.5000     0.4800     0.1700     0.5000     0          0.4700     0.2600     class7     
0.3700     0.4200     0.6000     0.1300     0.5000     0          0.5100     0.2200     class2     
0.4600     0.3800     0.4700     0.2200     0.5000     0          0.5200     0.2700     one        
0.8800     0.5900     0.5400     0.3900     0.5000     0          0.4100     0.3000     class2     
0.5700     0.5500     0.5100     0.1800     0.5000     0          0.5100     0.4300     class2     
0.6100     0.5200     0.5000     0.4400     0.5000     0          0.5300     0.2200     class7     
0.5900     0.5700     0.4300     0.2600     0.5000     0          0.5100     0.2200     one        
0.3400     0.2400     0.5100     0.1500     0.5000     0          0.5400     0.4000     class2     
0.3500     0.2900     0.4600     0.1400     0.5000     0          0.5400     0.6600     class2     
0.6900     0.3900     0.5200     0.1200     0.5000     0          0.3800     0.3500     class7     
0.4300     0.4600     0.5000     0.2100     0.5000     0          0.4900     0.3400     class7     
0.5300     0.6800     0.4200     0.1900     0.5000     0          0.5300     0.2200     three      
0.2600     0.4400     0.3000     0.1100     0.5000     0          0.5100     0.4700     three      
0.6900     0.5400     0.5500     0.2300     0.5000     0          0.7300     0.2200     class7     
0.5300     0.5200     0.4900     0.2700     0.5000     0          0.5100     0.2200     class7     
0.4200     0.5200     0.4000     0.1700     0.5000     0          0.5000     0.2600     three      
0.5000     0.4200     0.5700     0.4900     0.5000     0          0.4800     0.2700     class2     
0.5600     0.6800     0.5200     0.3900     0.5000     0          0.3600     0.2200     one        
0.3300     0.4600     0.5300     0.2900     0.5000     0          0.5000     0.5500     class2     
0.4300     0.3800     0.5100     0.2400     0.5000     0          0.4600     0.3300     class2     
0.5800     0.4400     0.5000     0.2600     0.5000     0          0.5200     0.2200     class7     
0.4000     0.4000     0.4300     0.1900     0.5000     0.8300     0.4800     0.2200     six        
0.5500     0.5200     0.4400     0.2000     0.5000     0          0.5600     0.2200     five       
0.5100     0.6800     0.4900     0.5900     0.5000     0          0.5400     0.2700     one        
0.3900     0.3900     0.5500     0.5200     0.5000     0          0.3700     0.1600     class2     
0.5800     0.5100     0.6300     0.2000     0.5000     0          0.5000     0.4200     class2     
0.8000     0.8200     0.4000     0.3100     0.5000     0          0.5700     0.2500     class4     
0.3500     0.6000     0.4700     0.1300     0.5000     0          0.5200     0.4300     class2     
0.6100     0.4600     0.4400     0.4700     0.5000     0          0.5000     0.3700     class2     
0.7900     0.6200     0.3500     0.3500     0.5000     0          0.6000     0.2800     five       
0.9500     0.7100     0.2700     0.3900     0.5000     0          0.3100     0.2200     five       
0.5700     0.5500     0.5200     0.1600     0.5000     0          0.4900     0.3900     class2     
0.3600     0.4600     0.6200     0.4600     0.5000     0          0.5100     0.3300     class7     
0.2800     0.3700     0.6100     0.0900     0.5000     0          0.5200     0.5500     class2     
0.5900     0.4700     0.5100     0.5300     0.5000     0          0.5300     0.2600     class7     
0.6300     0.7100     0.4400     0.5300     0.5000     0          0.5200     0.2200     five       
0.3500     0.5200     0.4800     0.2200     0.5000     0          0.2600     0.2200     one        
0.5700     0.4900     0.5000     0.2000     0.5000     0          0.5100     0.2800     class7     
0.3700     0.4200     0.5100     0.1100     0.5000     0          0.5700     0.2200     class7     
0.3700     0.4100     0.4500     0.1400     0.5000     0          0.4700     0.2200     class7     
0.4700     0.5600     0.5300     0.4400     0.5000     0          0.5300     0.2200     one        
0.6000     0.6100     0.5400     0.1100     0.5000     0          0.4600     0.2200     class7     
0.8100     0.8200     0.4100     0.3600     0.5000     0          0.3900     0.2200     eight      
0.6200     0.5900     0.5400     0.4700     0.5000     0          0.4600     0.2200     one        
0.4400     0.5200     0.4100     0.2300     0.5000     0          0.5100     0.2200     class2     
0.2300     0.2900     0.4600     0          0.5000     0          0.4300     0.3100     class7     
0.5000     0.4700     0.5600     0.3100     0.5000     0          0.5600     0.2600     class7     
0.4000     0.3800     0.5300     0.1600     0.5000     0          0.5200     0.2700     class2     
0.4000     0.5600     0.4800     0.1400     0.5000     0          0.4700     0.2200     one        
0.4500     0.4700     0.5300     0.1500     0.5000     0          0.5200     0.2700     class7     
0.5300     0.5900     0.4800     0.1400     0.5000     0          0.5100     0.2200     class7     
0.4600     0.4200     0.5100     0.1600     0.5000     0          0.5600     0.2200     class7     
0.5000     0.5000     0.6200     0.2300     0.5000     0          0.3500     0.1100     class7     
0.9700     0.7100     0.2900     0.4200     0.5000     0          0.3500     0.2200     five       
0.5000     0.5700     0.6200     0.2500     0.5000     0          0.5100     0.2200     one        
0.4600     0.5500     0.6100     0.1300     0.5000     0          0.4700     0.2200     class7     
0.5000     0.4500     0.4900     0.1500     0.5000     0          0.5500     0.4300     class2     
0.3500     0.5300     0.3500     0.3300     0.5000     0          0.5000     0.3200     three      
0.6200     0.4100     0.5200     0.1700     0.5000     0          0.4800     0.2200     class2     
0.3800     0.3100     0.5900     0.1900     0.5000     0          0.4600     0.2200     one        
0.8000     0.8200     0.5700     0.2600     0.5000     0          0.5700     0.2700     nine       
0.4600     0.1400     0.3600     0.2100     0.5000     0          0.5000     0.2500     three      
0.3500     0.4000     0.5300     0.1800     0.5000     0          0.4200     0.3800     class7     
0.4400     0.6500     0.4900     0.1600     0.5000     0          0.4800     0.3100     class2     
0.3200     0.3000     0.5700     0.3800     0.5000     0          0.5000     0.2500     class2     
0.5700     0.5100     0.5300     0.1800     0.5000     0          0.5600     0.2500     class2     
0.7700     0.8700     0.4700     0.3700     0.5000     0          0.4800     0.2200     eight      
0.7800     0.7400     0.4200     0.2600     0.5000     0          0.4300     0.2200     class4     
0.5100     0.4000     0.5600     0.1700     0.5000     0.5000     0.4900     0.2200     class7     
0.7700     0.7400     0.3700     0.2900     0.5000     0          0.4500     0.2200     class4     
0.4000     0.3000     0.5700     0.1300     0.5000     0          0.4600     0.2200     class2     
0.5200     0.5000     0.5100     0.2000     0.5000     0          0.5100     0.2200     class2     
0.4100     0.2400     0.5400     0.2600     0.5000     0          0.4100     0.2200     class2     
0.5500     0.4000     0.6200     0.2200     0.5000     0          0.3700     0.2800     class2     
0.3300     0.4700     0.5500     0.2400     0.5000     0          0.4500     0.6700     class2     
0.7600     0.6700     0.3700     0.2200     0.5000     0          0.5400     0.2200     five       
0.4800     0.4100     0.5400     0.3900     0.5000     0          0.5100     0.2200     class2     
0.3800     0.4700     0.4700     0.1800     0.5000     0          0.4400     0.2600     one        
0.5200     0.4700     0.5800     0.1800     0.5000     0          0.3400     0.1100     class7     
0.6700     0.4600     0.5800     0.3000     0.5000     0          0.5700     0.2700     class2     
0.6000     0.5400     0.5400     0.5300     0.5000     0          0.5200     0.2700     one        
0.7400     0.7100     0.5200     0.3000     0.5000     0          0.2700     0.2200     eight      
0.3200     0.4800     0.4900     0.1700     0.5000     0          0.4700     0.2200     class2     
0.4900     0.3700     0.5900     0.1700     0.5000     0          0.5100     0.2200     class2     
0.3700     0.5100     0.5700     0.4000     0.5000     0          0.4800     0.2700     one        
0.5200     0.4800     0.5800     0.5500     0.5000     0          0.4800     0.2200     class7     
0.4800     0.4500     0.6300     0.1900     0.5000     0          0.5800     0.2200     class2     
0.3700     0.4300     0.6200     0.2700     0.5000     0          0.4800     0.2200     class2     
0.6400     0.6200     0.2900     0.2800     0.5000     0          0.5100     0.2200     one        
0.4600     0.3500     0.5300     0.1600     0.5000     0          0.5100     0.2900     class7     
0.5100     0.5100     0.3200     0.2700     0.5000     0          0.5400     0.2200     three      
0.4100     0.6000     0.5300     0.2900     0.5000     0          0.4700     0.4300     class2     
0.2500     0.3500     0.2200     0.1800     0.5000     0          0.4600     0.2200     three      
0.5000     0.6100     0.4400     0.2000     0.5000     0          0.4900     0.2200     one        
0.5100     0.5500     0.5600     0.1800     0.5000     0          0.5000     0.3800     class2     
0.4100     0.4800     0.5400     0.2400     0.5000     0          0.3700     0.5100     class2     
0.2900     0.2600     0.4300     0.1700     0.5000     0          0.5500     0.3000     three      
0.4200     0.3200     0.4800     0.1600     0.5000     0          0.5500     0.2200     nine       
0.5100     0.4600     0.4000     0.6500     0.5000     0          0.4900     0.2200     one        
0.4900     0.4800     0.5200     0.2000     0.5000     0          0.5500     0.2200     class2     
0.3400     0.3600     0.5400     0.1100     0.5000     0          0.3600     0.2100     class2     
0.7100     0.5900     0.4800     0.4300     0.5000     0          0.5900     0.2200     one        
0.4200     0.5000     0.5300     0.2200     0.5000     0.8300     0.5000     0.2200     six        
0.3400     0.3500     0.5800     0.2000     0.5000     0          0.4600     0.3200     class2     
0.5600     0.6800     0.4200     0.3600     0.5000     0          0.4900     0.2200     class7     
0.4100     0.5100     0.5800     0.1500     0.5000     0          0.4500     0.2700     class7     
0.3600     0.3900     0.5400     0.1600     0.5000     0          0.5000     0.2800     class2     
0.4300     0.3800     0.3800     0.1200     0.5000     0          0.5000     0.2200     five       
0.6400     0.5900     0.5600     0.2300     0.5000     0          0.4600     0.2200     class7     
0.8900     0.8200     0.6000     0.4900     0.5000     0          0.5500     0.2200     five       
0.2300     0.3400     0.4100     0.2800     0.5000     0          0.5000     0.2700     class2     
0.4600     0.3500     0.6900     0.1800     0.5000     0          0.3000     0.2500     class7     
0.3400     0.6600     0.5100     0.1600     0.5000     0          0.4700     0.3300     class2     
0.5100     0.5600     0.5100     0.4200     0.5000     0          0.5300     0.3600     one        
0.6300     0.6400     0.4900     0.2000     0.5000     0          0.5200     0.2500     class7     
0.4700     0.4700     0.5000     0.1900     0.5000     0          0.5100     0.2600     class2     
0.5100     0.5900     0.4600     0.1300     0.5000     0          0.4800     0.2200     one        
0.5400     0.3500     0.5500     0.1900     0.5000     0          0.3000     0.2200     class7     
0.5800     0.5700     0.5400     0.6900     0.5000     0          0.5400     0.2200     one        
0.3900     0.5500     0.4800     0.3100     0.5000     0          0.5400     0.2900     class7     
0.4300     0.4000     0.5000     0.1800     0.5000     0          0.5000     0.2800     class7     
0.5000     0.4300     0.5000     0.1700     0.5000     0          0.4600     0.4700     class2     
0.5400     0.5500     0.5600     0.1400     0.5000     0          0.5000     0.2500     class7     
0.6400     0.5300     0.5900     0.1400     0.5000     0          0.5300     0.2200     one        
0.4700     0.5000     0.4700     0.2200     0.5000     0          0.5300     0.4500     class2     
0.4300     0.4800     0.5300     0.1800     0.5000     0          0.4600     0.2200     class2     
0.6400     0.6200     0.4900     0.1500     0.5000     0          0.5300     0.2200     one        
0.7700     0.7300     0.5100     0.2700     0.5000     0          0.3400     0.2200     eight      
0.3100     0.3100     0.5400     0.1800     0.5000     0          0.5200     0.2900     class2     
0.3800     0.5000     0.3700     0.2600     0.5000     0          0.4300     0.2200     three      
0.5700     0.6000     0.5400     0.1700     0.5000     0          0.5200     0.2200     one        
0.3500     0.4500     0.4300     0.1100     0.5000     0          0.5600     0.2200     three      
0.3700     0.5100     0.3900     0.1800     0.5000     0          0.5100     0.2700     three      
0.6900     0.6000     0.5100     0.1300     0.5000     0.8300     0.5200     0.2200     six        
0.5800     0.5500     0.5100     0.1300     0.5000     0          0.5200     0.2200     class7     
0.3500     0.4400     0.5400     0.2600     0.5000     0          0.5200     0.2600     class2     
0.3900     0.5800     0.5000     0.1000     0.5000     0          0.5100     0.2500     class7     
0.4700     0.4300     0.4800     0.1600     0.5000     0          0.4600     0.2700     class2     
0.5700     0.5300     0.6000     0.2800     0.5000     0          0.5200     0.4500     class2     
0.3400     0.5400     0.5000     0.2100     0.5000     0          0.5400     0.3100     class7     
0.6600     0.6600     0.3200     0.5400     0.5000     0          0.5100     0.2200     five       
0.5300     0.6100     0.5200     0.2100     0.5000     0          0.5500     0.3000     class2     
0.2700     0.4600     0.5200     0.1700     0.5000     0          0.4900     0.4400     class2     
0.3000     0.4500     0.5500     0.1900     0.5000     0          0.5300     0.4000     class7     
0.5600     0.4900     0.3200     0.2200     0.5000     0          0.5000     0.2200     five       
0.4400     0.4000     0.5300     0.1900     0.5000     0          0.4800     0.2700     class7     
0.4800     0.5400     0.5500     0.1200     0.5000     0          0.5100     0.2200     class7     
0.4400     0.5400     0.5100     0.1600     0.5000     0          0.5800     0.2200     class7     
0.5300     0.4400     0.4700     0.2200     0.5000     0          0.5300     0.2200     class2     
0.4600     0.4400     0.5200     0.1100     0.5000     0          0.5000     0.2200     class7     
0.3300     0.2800     0.5200     0.1500     0.5000     0          0.5100     0.8600     class2     
0.3600     0.3900     0.5500     0.2600     0.5000     0          0.4900     0.2200     class2     
0.5200     0.4300     0.6100     0.2200     0.5000     0          0.4500     0.2200     class7     
0.4600     0.6200     0.4600     0.5400     0.5000     0          0.5100     0.2700     one        
0.4700     0.3200     0.6400     0.3000     0.5000     0          0.6300     0.2200     class2     
0.3500     0.5800     0.5400     0.1600     0.5000     0          0.5100     0.2200     class2     
0.2600     0.3000     0.3700     0.1500     0.5000     0          0.5300     0.2500     three      
0.6300     0.4700     0.5600     0.1200     0.5000     0          0.5000     0.2200     one        
0.4000     0.6800     0.5000     0.8200     0.5000     0          0.4400     0.3600     one        
0.4200     0.4600     0.4400     0.1700     0.5000     0          0.5100     0.4200     class7     
0.4700     0.3900     0.5900     0.1500     0.5000     0          0.5700     0.2200     class7     
0.6300     0.6200     0.4200     0.1200     0.5000     0          0.5200     0.2500     class7     
0.3900     0.3700     0.3300     0.2300     0.5000     0          0.5300     0.2600     three      
0.5600     0.5900     0.5400     0.1800     0.5000     0          0.4800     0.4600     class2     
0.7800     0.7300     0.2700     0.2800     0.5000     0          0.5600     0.2200     class4     
0.4500     0.5100     0.5000     0.1600     0.5000     0          0.5200     1          class2     
0.5800     0.6700     0.4900     0.1600     0.5000     0          0.4700     0.2800     one        
0.4700     0.6300     0.6600     0.4500     0.5000     0          0.3700     0.1100     one        
0.5700     0.4200     0.6300     0.2200     0.5000     0          0.6800     0.3200     class2     
0.8500     0.8500     0.3000     0.3100     0.5000     0          0.5500     0.4200     class4     
0.4700     0.4700     0.5400     0.1900     0.5000     0          0.5100     0.3300     class2     
0.5000     0.4900     0.5900     0.4700     0.5000     0          0.4900     0.3600     one        
0.5200     0.5100     0.5100     0.1200     0.5000     0          0.5100     0.4000     class7     
0.6400     0.4400     0.5600     0.1500     0.5000     0          0.5600     0.2200     class7     
0.4300     0.3900     0.5400     0.2100     0.5000     0          0.5300     0.2700     class2     
0.5500     0.4500     0.5800     0.2500     0.5000     0          0.4900     0.2200     class2     
0.4300     0.4200     0.5400     0.2200     0.5000     0          0.5700     0.3300     class2     
0.3600     0.5800     0.3500     0.2400     0.5000     0          0.4400     0.2200     three      
0.5600     0.4800     0.5800     0.2700     0.5000     0          0.5100     0.2200     class7     
0.7200     0.3700     0.6300     0.3800     0.5000     0          0.4000     0.1400     class7     
0.4400     0.5000     0.5500     0.2400     0.5000     0          0.4800     0.2200     class2     
0.7100     0.7900     0.4100     0.3800     0.5000     0          0.5400     0.2200     class4     
0.4700     0.3900     0.5500     0.2400     0.5000     0          0.4700     0.2200     class7     
0.5300     0.4600     0.5400     0.3700     0.5000     0          0.5100     0.3000     class2     
0.5000     0.3600     0.5300     0.4100     0.5000     0          0.5500     0.3600     class7     
0.5100     0.5800     0.5400     0.2900     0.5000     0          0.5300     0.2200     class7     
0.2900     0.4600     0.5400     0.2700     0.5000     0          0.4900     0.2200     class7     
0.5800     0.5300     0.3800     0.1800     0.5000     0          0.5200     0.2200     three      
0.3600     0.4800     0.5000     0.1300     0.5000     0          0.4900     0.6000     class2     
0.4400     0.3800     0.4800     0.3200     0.5000     0.8300     0.5300     0.2200     six        
0.4900     0.6700     0.5000     0.2800     0.5000     0          0.4300     0.2200     class2     
0.4700     0.4600     0.5900     0.4900     0.5000     0          0.5600     0.2200     one        
0.6100     0.4800     0.5400     0.2500     0.5000     0          0.5000     0.2200     class7     
0.5400     0.5600     0.5700     0.1800     0.5000     0          0.4500     0.2500     class2     
0.8000     0.8800     0.3600     0.3900     0.5000     0          0.5600     0.3300     class4     
0.4600     0.4800     0.4400     0.2100     0.5000     0          0.5500     0.2200     six        
0.5200     0.4600     0.5600     0.2500     0.5000     0          0.5200     0.2200     class2     
0.5000     0.5000     0.5400     0.1600     0.5000     0          0.4900     0.2200     six        
0.5400     0.4500     0.6200     0.1300     0.5000     0          0.5200     0.2600     class2     
0.3900     0.6500     0.5700     0.1900     0.5000     0          0.4400     0.2500     class7     
0.7000     0.5100     0.4700     0.2400     0.5000     0          0.5300     0.2500     class2     
0.2300     0.3700     0.3200     0.1300     0.5000     0          0.5300     0.2200     one        
0.3600     0.3000     0.5000     0.1900     0.5000     0          0.5500     0.3000     class2     
0.4900     0.2700     0.5700     0.1800     0.5000     0.8300     0.5400     0.2200     six        
0.5600     0.5400     0.5900     0.1400     0.5000     0          0.5200     0.2700     class2     
0.5700     0.5900     0.5000     0.5800     0.5000     0          0.5300     0.2200     one        
0.5500     0.5700     0.5100     0.0700     0.5000     0          0.5500     0.2200     class7     
0.5300     0.5700     0.6000     0.3600     0.5000     0          0.5000     0.2200     class7     
0.6100     0.5300     0.5900     0.1700     0.5000     0          0.4400     0.2800     class7     
0.6000     0.5000     0.5700     0.2500     0.5000     0          0.4100     0.2600     class7     
0.4400     0.5100     0.5300     0.3000     0.5000     0          0.5300     0.2200     class7     
0.3900     0.4500     0.5100     0.2900     0.5000     0          0.5400     0.2200     class7     
0.5700     0.5900     0.4400     0.1600     0.5000     0          0.5200     0.2200     five       
0.3100     0.5500     0.5200     0.1700     0.5000     0          0.5200     0.2200     class7     
0.2600     0.3600     0.4700     0.3400     0.5000     0          0.5300     0.7200     class2     
0.4800     0.4100     0.5200     0.3300     0.5000     0          0.5100     0.2600     class7     
0.4900     0.4500     0.4600     0.1800     0.5000     0          0.4900     0.3100     class7     
0.4100     0.5200     0.5100     0.2200     0.5000     0          0.5200     0.4400     class2     
0.5700     0.4100     0.5900     0.2400     0.5000     0          0.4000     0.2200     class7     
0.3700     0.3600     0.5600     0.1800     0.5000     0          0.4800     0.2600     nine       
0.8100     0.5500     0.3500     0.3400     0.5000     0          0.5100     0.2200     five       
0.5900     0.5700     0.4600     0.1400     0.5000     0          0.5200     0.2200     one        
0.4300     0.5700     0.5300     0.5300     0.5000     0          0.5300     0.2500     class7     
0.5500     0.5300     0.5400     0.4000     0.5000     0          0.4800     0.2200     one        
0.7400     0.8200     0.4600     0.2400     0.5000     0          0.4800     0.2200     eight      
0.6700     0.5100     0.5400     0.2100     0.5000     0          0.4300     0.3000     one        
0.3800     0.4700     0.5300     0.1200     0.5000     0          0.4800     0.2200     class7     
0.5900     0.4800     0.4900     0.4900     0.5000     0          0.3600     0.3200     class7     
0.4400     0.3400     0.5500     0.1800     0.5000     0          0.5200     0.2200     class7     
0.4500     0.3800     0.5900     0.1800     0.5000     0          0.4400     0.4500     class2     
0.6800     0.5000     0.5500     0.6500     0.5000     0          0.4600     0.3100     one        
0.4600     0.4400     0.5300     0.3100     0.5000     0          0.4800     0.2200     one        
0.4300     0.4700     0.4700     0.1800     0.5000     0          0.4700     0.2200     class7     
0.5200     0.4000     0.6000     0.1200     0.5000     0          0.5500     0.2200     class7     
0.6300     0.4300     0.4800     0.1100     0.5000     0          0.5100     0.2200     class7     
0.4500     0.5400     0.4900     0.2900     0.5000     0          0.4900     0.2500     class2     
0.6300     0.5300     0.5400     0.4000     0.5000     0          0.5000     0.2200     one        
0.5100     0.4600     0.4900     0.2100     0.5000     0          0.5500     0.2200     nine       
0.4000     0.5200     0.5300     0.5200     0.5000     0          0.5100     0.2200     one        
0.3500     0.3900     0.5700     0.1100     0.5000     0          0.4800     0.2200     class2     
0.4800     0.3500     0.4200     0.2100     0.5000     0          0.5700     0.2200     class7     
0.5400     0.5200     0.5400     0.2000     0.5000     0          0.5500     0.2500     class2     
0.4700     0.4100     0.5300     0.2700     0.5000     0          0.4700     0.2500     one        
0.6100     0.5900     0.4700     0.4900     0.5000     0          0.5400     0.2200     one        
0.3400     0.4200     0.4800     0.1900     0.5000     0          0.4600     0.3100     class2     
0.5200     0.4600     0.5600     0.2000     0.5000     0          0.5000     0.2200     class7     
0.5100     0.4600     0.5400     0.4100     0.5000     0          0.5300     0.2200     one        
0.4600     0.6200     0.5400     0.2500     0.5000     0          0.4600     0.2200     class7     
0.7900     0.5600     0.5300     0.1900     0.5000     0          0.4700     0.3500     class7     
0.3700     0.5800     0.4400     0.5100     0.5000     0          0.4400     0.2200     one        
0.4400     0.4100     0.2900     0.2100     0.5000     0          0.4900     0.2200     three      
0.6500     0.6100     0.3900     0.3000     0.5000     0          0.5700     0.2800     three      
0.4700     0.4300     0.5900     0.2700     0.5000     0          0.5500     0.2200     six        
0.5100     0.6000     0.5100     0.2600     0.5000     0          0.5400     0.2200     class2     
0.3600     0.3200     0.5500     0.2700     0.5000     0          0.4700     0.4300     class2     
0.5100     0.6100     0.5000     0.2300     0.5000     0          0.5200     0.6100     class2     
0.3800     0.4400     0.5500     0.4400     0.5000     0          0.4700     0.5100     class2     
0.7000     0.8400     0.4900     0.2800     1          0          0.5800     0.2200     ten        
0.4700     0.6000     0.3500     0.2100     0.5000     0          0.5200     0.2200     three      
0.4300     0.4100     0.5100     0.3400     0.5000     0          0.4900     0.2800     class2     
0.4200     0.2800     0.4900     0.2200     0.5000     0          0.5500     0.3400     class2     
0.4100     0.4900     0.4700     0.0900     0.5000     0          0.4900     0.2200     class7     
0.8200     0.6300     0.4700     0.1800     0.5000     0          0.5000     0.2200     six        
0.4200     0.5100     0.3900     0.2200     0.5000     0          0.4900     0.2600     three      
0.8200     0.7500     0.5400     0.2300     0.5000     0          0.4600     0.2200     eight      
0.5100     0.5200     0.5800     0.1700     0.5000     0          0.4700     0.2800     class7     
0.4500     0.5800     0.4800     0.6700     0.5000     0          0.5200     0.2200     one        
0.4100     0.4300     0.5000     0.2800     0.5000     0          0.5000     0.2200     class7     
0.5600     0.6100     0.5200     0.1900     0.5000     0          0.5200     0.3200     class2     
0.6400     0.3100     0.5300     0.1500     0.5000     0          0.5300     0.3100     class7     
0.7700     0.7900     0.5800     0.2300     0.5000     0          0.4800     0.2200     eight      
0.7400     0.5300     0.5000     0.0800     0.5000     0          0.5500     0.3100     class7     
0.7300     0.8300     0.4300     0.3000     0.5000     0          0.5500     0.2200     class4     
0.4600     0.4900     0.5500     0.1800     0.5000     0          0.5600     0.2200     class2     
0.4400     0.4400     0.6700     0.3500     0.5000     0          0.4800     0.2600     one        
0.4300     0.3300     0.6700     0.1200     0.5000     0          0.4300     0.2300     class7     
0.3800     0.4400     0.5700     0.1400     0.5000     0          0.5300     0.5200     class2     
0.4500     0.4800     0.5600     0.5600     0.5000     0          0.4700     0.2200     class2     
0.3000     0.3200     0.5700     0.1900     0.5000     0          0.4800     0.5500     class2     
0.3800     0.4200     0.4700     0.1200     0.5000     0          0.4700     0.5300     class2     
0.5300     0.5100     0.4600     0.2800     0.5000     0          0.4800     0.2200     class7     
0.6100     0.5400     0.5400     0.3800     0.5000     0          0.5400     0.2900     one        
0.5600     0.4300     0.5400     0.1600     0.5000     0          0.5000     0.2200     class2     
0.3100     0.4400     0.5300     0.2300     0.5000     0          0.5100     0.3200     class2     
0.5000     0.4500     0.5300     0.2100     0.5000     0          0.2800     0.2200     class2     
0.4200     0.2500     0.6000     0.1400     0.5000     0          0.4500     0.2200     class7     
0.5700     0.5100     0.3400     0.1300     0.5000     0          0.5300     0.2700     one        
0.5500     0.4200     0.3400     0.3000     0.5000     0          0.5200     0.2200     three      
0.3800     0.2600     0.6000     0.1000     0.5000     0          0.4800     0.4400     class2     
0.5900     0.4800     0.5000     0.1400     0.5000     0          0.4500     0.2500     class7     
0.5900     0.5800     0.4600     0.1900     0.5000     0          0.5600     0.2700     class7     
0.5100     0.3400     0.5000     0.1900     0.5000     0          0.5000     0.2200     class2     
0.7200     0.5100     0.5200     0.0800     0.5000     0          0.5400     0.2200     class2     
0.6100     0.5400     0.4900     0.1900     0.5000     0          0.5400     0.4700     class7     
0.3800     0.5100     0.5600     0.2100     0.5000     0          0.4800     0.3100     class2     
0.5400     0.4900     0.4900     0.2000     0.5000     0          0.5200     0.2200     class7     
0.4100     0.4800     0.3800     0.1300     0.5000     0          0.5100     0.3500     three      
0.4800     0.5100     0.5700     0.2400     0.5000     0          0.5000     0.2200     class7     
0.4700     0.5900     0.4300     0.1300     0.5000     0          0.5600     0.3000     three      
0.4500     0.5500     0.5400     0.6600     0.5000     0          0.4700     0.2200     one        
0.7700     0.8200     0.4000     0.3600     0.5000     0          0.3800     0.2200     class4     
0.5000     0.4000     0.5700     0.1700     0.5000     0          0.5900     0.2200     class7     
0.4300     0.4800     0.3600     0.2600     0.5000     0          0.5200     0.2200     three      
0.3600     0.3800     0.5600     0.4400     0.5000     0          0.4800     0.2200     one        
0.3900     0.4600     0.3300     0.1800     0.5000     0          0.5300     0.2200     three      
0.6400     0.5000     0.5300     0.1000     0.5000     0          0.5100     0.2200     class2     
0.5000     0.5400     0.5300     0.5400     0.5000     0          0.5100     0.2700     one        
0.4400     0.5100     0.4800     0.3800     0.5000     0          0.5200     0.2200     class7     
0.5800     0.5100     0.4900     0.2700     0.5000     0          0.5700     0.2900     class7     
0.4100     0.3000     0.4900     0.2800     0.5000     0          0.5400     0.2200     class7     
0.3700     0.3200     0.4700     0.1800     0.5000     0          0.4500     0.2500     class2     
0.6100     0.4800     0.5600     0.1900     0.5000     0          0.5300     0.3100     class7     
0.3600     0.3500     0.4700     0.2200     0.5000     0          0.4400     0.3100     three      
0.8100     0.8500     0.4700     0.3700     0.5000     0          0.5600     0.2200     eight      
0.6300     0.6400     0.4500     0.2600     0.5000     0          0.4300     0.2200     class7     
0.4400     0.3300     0.5500     0.1600     0.5000     0          0.4900     0.2200     class2     
0.4100     0.3900     0.6100     0.1700     0.5000     0          0.5000     0.6100     class2     
0.6900     0.6100     0.3800     0.2700     0.5000     0          0.5200     0.2200     five       
0.5800     0.6300     0.5200     0.7000     0.5000     0          0.4600     0.2200     one        
0.5300     0.5100     0.5500     0.0500     0.5000     0          0.4500     0.2500     class2     
0.4700     0.4900     0.6300     0.1700     0.5000     0          0.3100     0.2600     class2     
0.4700     0.6500     0.5400     0.6200     0.5000     0          0.5300     0.3600     one        
0.3300     0.3700     0.5400     0.2800     0.5000     0          0.5300     0.2700     class2     
0.3100     0.4600     0.5400     0.5200     0.5000     0          0.5000     0.3400     class2     
0.5300     0.5300     0.6000     0.1300     0.5000     0          0.4900     0.2200     one        
0.4200     0.3500     0.5400     0.1800     0.5000     0          0.5600     0.2200     class7     
0.6200     0.5100     0.5200     0.4200     0.5000     0          0.5400     0.2700     class2     
0.8400     0.8700     0.4500     0.5400     0.5000     0          0.2800     0.2200     class4     
0.4000     0.3400     0.5200     0.1700     0.5000     0          0.4700     0.5100     class2     
0.3800     0.5000     0.5200     0.4400     0.5000     0          0.5400     0.1100     class7     
0.5300     0.4500     0.5300     0.1800     0.5000     0          0.4200     0.2200     class7     
0.3300     0.2800     0.3100     0.2400     0.5000     0          0.5300     0.2200     three      
0.5500     0.3800     0.5200     0.1600     0.5000     0          0.4900     0.6400     class2     
0.4000     0.4300     0.3600     0.3300     0.5000     0          0.5100     0.2200     three      
0.8900     0.8100     0.3600     0.7100     0.5000     0          0.5500     0.6300     class4     
0.3800     0.4200     0.5000     0.1900     0.5000     0          0.4400     0.2200     class7     
0.4900     0.4600     0.3400     0.2100     0.5000     0          0.5500     0.2200     three      
0.6800     0.5800     0.5100     0.1900     0.5000     0.8300     0.5400     0.2200     six        
0.8100     0.7900     0.3200     0.3700     0.5000     0          0.4100     0.2200     class4     
0.3900     0.5800     0.4700     0.1800     0.5000     0          0.4800     0.2200     one        
0.4800     0.4800     0.5600     0.1800     0.5000     0          0.5800     0.2200     class7     
0.5600     0.4200     0.5200     0.1400     0.5000     0          0.5100     0.2200     class7     
0.5500     0.4900     0.6000     0.1800     0.5000     0          0.5100     0.2200     class2     
0.4800     0.3900     0.5100     0.2100     0.5000     0          0.5200     0.2800     class7     
0.3800     0.6100     0.6100     0.1200     0.5000     0          0.5300     0.4700     class7     
0.5000     0.5400     0.4800     0.6500     0.5000     0          0.5300     0.2200     one        
0.4300     0.3900     0.5100     0.2800     0.5000     0          0.4000     0.2200     class2     
0.4500     0.4500     0.5100     0.3000     0.5000     0          0.4800     0.4400     class7     
0.3600     0.3700     0.6300     0.2500     0.5000     0          0.3000     0.2200     class7     
0.5700     0.4000     0.4800     0.2400     0.5000     0          0.5500     0.2200     class7     
0.6600     0.3700     0.6000     0.2500     0.5000     0          0.6900     0.2200     one        
0.5600     0.4900     0.4700     0.1300     0.5000     0          0.5200     0.2200     class2     
0.2800     0.5800     0.2100     0.1300     0.5000     0          0.5100     0.2200     three      
0.4100     0.5900     0.6500     0.1400     0.5000     0          0.4900     0.3300     class2     
0.4500     0.3600     0.5000     0.1900     0.5000     0          0.5300     0.7000     class2     
0.4900     0.4100     0.3200     0.2100     0.5000     0          0.5000     0.3200     three      
0.5800     0.5100     0.5600     0.1600     0.5000     0          0.3400     0.2200     class2     
0.5300     0.5400     0.4300     0.1800     0.5000     0          0.5300     0.3100     class2     
0.4400     0.5300     0.5200     0.3700     0.5000     0          0.5000     0.2200     class2     
0.4500     0.5000     0.5700     0.2900     0.5000     0          0.4400     0.1100     class7     
0.3100     0.4500     0.5000     0.1700     0.5000     0          0.4900     0.2200     class7     
0.4900     0.4500     0.5700     0.2400     0.5000     0          0.4700     0.3800     class2     
0.3700     0.3400     0.3200     0.2200     0.5000     0          0.5600     0.2200     three      
0.4300     0.4500     0.5300     0.1900     0.5000     0          0.5600     0.2200     class7     
0.3000     0.3000     0.4600     0.3200     0.5000     0          0.4500     0.2200     class2     
0.3500     0.4000     0.4400     0.2500     0.5000     0          0.5300     0.5700     class2     
0.5200     0.5500     0.3900     0.0900     1          0          0.5500     0.2500     three      
0.4400     0.3400     0.6100     0.1300     0.5000     0          0.4900     0.2600     class2     
0.4900     0.4300     0.5100     0.1300     0.5000     0          0.4700     0.2200     class7     
0.3800     0.5100     0.7500     0.1700     0.5000     0          0.5500     0.2200     class7     
0.7500     0.6000     0.4300     0.3500     0.5000     0          0.4500     0.2700     one        
0.4800     0.4500     0.5900     0.3500     0.5000     0          0.5500     0.3000     one        
0.4500     0.5200     0.5000     0.1200     0.5000     0          0.6000     0.2200     class7     
0.5500     0.5900     0.5200     0.1000     0.5000     0          0.5300     0.2200     class7     
0.5700     0.2900     0.6300     0.2200     0.5000     0          0.4900     0.2700     class2     
0.5500     0.4500     0.4500     0.5400     0.5000     0          0.5000     0.2200     one        
0.4500     0.2100     0.4900     0.2400     0.5000     0          0.4600     0.3100     class2     
0.4200     0.3900     0.4700     0.1300     0.5000     0          0.5000     0.2700     class7     
0.4700     0.4100     0.4600     0.1800     0.5000     0          0.5300     0.2200     three      
0.4900     0.5100     0.5200     0.1300     0.5000     0          0.5100     0.3300     class2     
0.5200     0.5600     0.5400     0.5300     0.5000     0          0.4500     0.2200     one        
0.4600     0.4900     0.4500     0.2800     0.5000     0          0.5500     0.2200     nine       
0.4100     0.4600     0.5700     0.2500     0.5000     0          0.5700     0.3800     class7     
0.3300     0.4200     0.5500     0.2300     0.5000     0          0.5200     0.4300     class2     
0.7000     0.6500     0.5400     0.2800     0.5000     0          0.6000     0.4000     nine       
0.4700     0.5200     0.5000     0.4000     0.5000     0          0.4100     0.2200     class7     
0.4500     0.5700     0.3800     0.2800     0.5000     0          0.5300     0.3100     three      
0.4600     0.5700     0.5700     0.1500     0.5000     0          0.5200     0.2600     class2     
0.6600     0.5500     0.5400     0.1800     0.5000     0          0.4300     0.2200     class7     
0.6100     0.5500     0.5100     0.2600     0.5000     0          0.5200     0.2200     class7     
0.3100     0.3900     0.5500     0.2800     0.5000     0          0.4600     0.3100     class2     
0.4000     0.4500     0.5700     0.1800     0.5000     0          0.5600     0.2600     class7     
0.3500     0.2100     1          0.8000     0.5000     0          0.1300     0.0100     class7     
0.5500     0.5900     0.5300     0.1500     0.5000     0          0.4900     0.2200     class2     
0.6100     0.3800     0.5700     0.3600     0.5000     0          0.4400     0.2100     class7     
0.2700     0.5600     0.5600     0.1800     0.5000     0          0.5200     0.2200     class7     
0.4500     0.7300     0.4700     0.6500     0.5000     0          0.5400     0.4300     one        
0.3800     0.5100     0.7500     0.1700     0.5000     0          0.5500     0.2200     class7     
0.3900     0.3900     0.5500     0.5200     0.5000     0          0.3700     0.1600     class2     
0.5500     0.4700     0.5300     0.2000     0.5000     0          0.4000     0.2200     class2     
0.5000     0.4600     0.5200     0.1600     0.5000     0          0.5200     0.2600     class7     
0.3300     0.4900     0.4600     0.2200     0.5000     0          0.5300     0.3300     three      
0.4600     0.5200     0.5100     0.1300     0.5000     0          0.4700     0.2200     class7     
0.5100     0.4800     0.5800     0.2200     0.5000     0          0.5000     0.2800     class2     
0.5700     0.4300     0.5200     0.3000     0.5000     0          0.3700     0.1100     class7     
0.6500     0.5800     0.5300     0.2100     0.5000     0          0.5100     0.2200     nine       
0.5700     0.4400     0.4200     0.2000     0.5000     0          0.5400     0.2200     class7     
0.5100     0.4800     0.5100     0.1900     0.5000     0          0.5100     0.2700     class7     
0.3700     0.4800     0.5000     0.2600     0.5000     0          0.5200     0.3900     class2     
0.2500     0.3300     0.4800     0.1800     0.5000     0          0.4200     0.3300     class2     
0.4300     0.4100     0.3700     0.1800     0.5000     0          0.5400     0.3100     three      
0.6900     0.6200     0.4900     0          1          0          0.4700     0.2200     class2     
0.5800     0.4900     0.5000     0.4100     0.5000     0          0.5700     0.2200     one        
0.4100     0.5600     0.5300     0.1600     0.5000     0          0.5500     0.2600     class2     
0.4500     0.5300     0.4700     0.4300     0.5000     0          0.5000     0.2700     one        
0.8700     0.4700     0.6000     0.4700     0.5000     0          0.5900     0.2200     class2     
0.3900     0.4500     0.5300     0.1800     0.5000     0          0.5400     0.2200     class7     
0.4500     0.4900     0.5700     0.2500     0.5000     0          0.4800     0.2200     class2     
0.4300     0.3900     0.5400     0.1400     0.5000     0          0.4700     0.2200     class2     
0.5600     0.4800     0.5000     0.3000     0.5000     0          0.5100     0.2200     class7     
0.3900     0.3000     0.6300     0.2000     0.5000     0          0.4300     0.4700     class7     
0.6400     0.5700     0.5700     0.2700     0.5000     0          0.3700     0.2200     class7     
0.4500     0.4000     0.4300     0.2200     0.5000     0          0.5100     0.4800     class2     
0.4200     0.4300     0.5600     0.1000     0.5000     0          0.4900     0.2200     class7     
0.4800     0.4200     0.4800     0.1900     0.5000     0          0.5800     0.2200     class7     
0.5400     0.4700     0.5800     0.4000     0.5000     0          0.4600     0.2700     one        
0.5600     0.5900     0.5300     0.1600     0.5000     0          0.2400     0.4200     class2     
0.5300     0.4400     0.5100     0.3300     0.5000     0          0.5500     0.2200     class7     
0.5100     0.3400     0.4300     0.1800     0.5000     0          0.4800     0.2500     class7     
0.5000     0.4500     0.5200     0.1800     0.5000     0          0.5200     0.2200     class7     
0.7800     0.7100     0.3500     0.2500     0.5000     0          0.4900     0.2200     class4     
0.5900     0.4900     0.4500     0.2200     0.5000     0          0.4500     0.3100     class2     
0.5800     0.4500     0.4800     0.2400     0.5000     0          0.5200     0.3700     class7     
0.3400     0.4000     0.3000     0.2300     0.5000     0          0.5100     0.2200     three      
0.4000     0.4900     0.5300     0.2300     0.5000     0          0.4400     0.2600     class2     
0.2800     0.4800     0.3600     0.1600     0.5000     0          0.5300     0.2200     three      
0.3700     0.3000     0.6200     0.4300     0.5000     0          0.4400     0.3900     class7     
0.5000     0.3400     0.6200     0.1900     0.5000     0          0.5700     0.2200     class7     
0.4500     0.4100     0.5800     0.4800     0.5000     0          0.5300     0.6400     class2     
0.3100     0.5100     0.3800     0.1800     0.5000     0          0.4600     0.3100     three      
0.4600     0.4100     0.4300     0.1800     0.5000     0          0.5400     0.2200     three      
0.4900     0.4200     0.5600     0.5500     0.5000     0          0.4200     0.2500     one        
0.5400     0.5100     0.5400     0.5200     0.5000     0          0.4700     0.2500     one        
0.5900     0.6100     0.3400     0.2200     0.5000     0          0.5100     0.2200     one        
0.6000     0.4800     0.4600     0.3200     0.5000     0          0.4000     0.3300     class7     
0.6400     0.6000     0.5700     0.1900     0.5000     0          0.4300     0.2200     class2     
0.4800     0.4500     0.5500     0.5000     0.5000     0          0.5300     0.2200     one        
0.4800     0.5400     0.5600     0.2900     0.5000     0          0.5100     0.4300     class2     
0.4800     0.6100     0.4400     0.2000     0.5000     0          0.4700     0.2200     class7     
0.5400     0.4400     0.3500     0.1900     0.5000     0          0.5100     0.2700     three      
0.4200     0.4300     0.6700     0.7000     0.5000     0          0.4200     0.2500     class7     
0.4200     0.4900     0.4900     0.3600     0.5000     0          0.5700     0.2600     one        
0.4400     0.3900     0.6300     0.1100     0.5000     0          0.4900     0.2600     class2     
0.7200     0.5800     0.4200     0.2800     0.5000     0          0.4800     0.2200     one        
0.4700     0.4500     0.5100     0.3300     0.5000     0          0.4600     0.2600     class2     
0.2800     0.4800     0.5600     0.1600     0.5000     0          0.4800     0.2600     class7     
0.8000     0.7900     0.4300     0.2500     0.5000     0          0.5200     0.2200     eight      
0.6100     0.5000     0.6100     0.2100     0.5000     0          0.5500     0.5400     class7     
0.5100     0.5900     0.5500     0.2100     0.5000     0          0.5200     0.2200     class7     
0.5300     0.4000     0.5700     0.1200     0.5000     0          0.5300     0.3200     class2     
0.7700     0.7000     0.4400     0.2900     0.5000     0          0.5600     0.2200     class4     
0.3600     0.3400     0.4600     0.1900     0.5000     0          0.5200     0.2200     five       
0.4600     0.6100     0.3800     0.3500     0.5000     0          0.4900     0.2200     three      
0.4200     0.2800     0.5100     0.2300     0.5000     0          0.5300     0.2700     class2     
0.2300     0.2000     0.5300     0.2000     0.5000     0          0.4400     0.2200     class2     
0.5500     0.6300     0.5400     0.1600     0.5000     0          0.4500     0.2700     class7     
0.3200     0.5700     0.5000     0.1500     0.5000     0          0.5300     0.2200     class7     
0.5900     0.4300     0.5200     0.1900     0.5000     0          0.5500     0.2700     class7     
0.5100     0.4800     0.4600     0.2900     0.5000     0          0.5400     0.2200     class7     
0.4900     0.4700     0.5300     0.1600     0.5000     0          0.4800     0.2700     class2     
0.4600     0.3900     0.5400     0.2200     0.5000     0          0.4800     0.2500     class7     
0.5900     0.4800     0.4100     0.5300     0.5000     0          0.4800     0.5600     three      
0.5500     0.6600     0.5700     0.3200     0.5000     0          0.5700     0.3400     class7     
0.3300     0.4600     0.5300     0.1200     0.5000     0          0.5000     0.2700     class7     
0.5700     0.4800     0.5400     0.2200     0.5000     0          0.5000     0.1100     class7     
0.6400     0.5600     0.5200     0.1700     0.5000     0          0.5400     0.4700     class2     
0.4800     0.3900     0.4900     0.1800     0.5000     0          0.5100     0.2200     class7     
0.6800     0.6800     0.4900     0.1500     0.5000     0          0.5300     0.2200     eight      
0.8000     0.6900     0.5300     0.3300     0.5000     0          0.5100     0.2200     five       
0.4200     0.3100     0.6200     0.1200     0.5000     0          0.4000     0.2200     one        
0.5000     0.5200     0.5900     0.3000     0.5000     0          0.5100     0.3500     class2     
0.3400     0.5800     0.5000     0.2600     0.5000     0          0.5100     0.2200     class2     
0.8600     0.7400     0.5100     0.4000     0.5000     0          0.5500     0.2200     five       
0.7700     0.8600     0.4400     0.2700     0.5000     0          0.4800     0.2200     class4     
0.4200     0.3800     0.5200     0.2900     0.5000     0          0.4200     0.2200     class2     
0.6900     0.4800     0.3800     0.1500     0.5000     0          0.5500     0.2200     five       
0.4700     0.4000     0.6300     0.1900     0.5000     0          0.5200     0.3200     class2     
0.4200     0.4400     0.3300     0.1700     0.5000     0          0.5400     0.2700     three      
0.5200     0.4300     0.6100     0.2200     0.5000     0          0.4500     0.2200     class7     
0.5300     0.4300     0.5700     0.2400     0.5000     0          0.3900     0.2800     class7     
0.4700     0.4600     0.4900     0.2700     0.5000     0          0.5900     0.2200     class7     
0.4000     0.4200     0.7100     0.2100     0.5000     0          0.5400     0.3200     class7     
0.5100     0.4600     0.4100     0.3600     0.5000     0          0.4900     0.2200     three      
0.5200     0.4500     0.4500     0.1300     0.5000     0          0.4800     0.2200     class2     
0.6800     0.6800     0.3500     0.1600     0.5000     0          0.6200     0.2200     nine       
0.4300     0.2200     0.7900     0.7900     0.5000     0          0.2200     0          class7     
0.5000     0.4500     0.5100     0.1900     0.5000     0          0.5300     0.2500     class7     
0.3500     0.3600     0.5700     0.1700     0.5000     0          0.5200     0.2200     class7     
0.3200     0.4700     0.5500     0.2500     0.5000     0          0.4900     0.2200     one        
0.5700     0.4700     0.6000     0.1800     0.5000     0          0.5100     0.2200     class7     
0.6200     0.6400     0.5600     0.2000     0.5000     0          0.4800     0.3300     class2     
0.5600     0.7100     0.4700     0.2100     0.5000     0          0.5200     0.2200     one        
0.8100     0.6500     0.5200     0.4100     0.5000     0          0.5700     0.2600     one        
0.4200     0.3200     0.5000     0.2100     0.5000     0          0.5100     0.2200     class2     
0.6900     0.6600     0.3600     0.0900     0.5000     0          0.5600     0.2200     class4     
0.3500     0.4700     0.5300     0.1900     0.5000     0          0.4800     0.2200     class7     
0.3100     0.3000     0.3400     0.1900     0.5000     0          0.5500     0.3000     three      
0.5300     0.4800     0.4500     0.4400     0.5000     0          0.4900     0.2700     one        
0.4400     0.4500     0.5300     0.1900     0.5000     0          0.4100     0.2800     class2     
0.4000     0.4500     0.4500     0.1500     0.5000     0          0.5300     0.4800     class2     
0.4900     0.4800     0.5100     0.2100     0.5000     0          0.5300     0.2200     class2     
0.4900     0.4400     0.5100     0.1800     0.5000     0          0.5200     0.2700     class7     
0.5900     0.5100     0.4800     0.1200     0.5000     0          0.5400     0.3100     class7     
0.5000     0.4900     0.4600     0.2200     0.5000     0          0.5300     0.2500     class7     
0.9100     0.7700     0.3400     0.4700     0.5000     0          0.5200     0.3100     class4     
0.4600     0.7100     0.4800     0.5300     0.5000     0          0.5300     0.2200     one        
0.8800     0.7500     0.4100     0.3600     0.5000     0          0.4300     0.2200     five       
0.4300     0.5700     0.5300     0.1600     0.5000     0          0.5400     0.2200     class7     
0.4600     0.4100     0.5800     0.1000     0.5000     0          0.4800     0.2200     class2     
0.3200     0.4900     0.5300     0.2800     0.5000     0          0.5000     0.5000     class2     
0.4800     0.1700     0.3700     0.3300     0.5000     0          0.4400     0.3600     class2     
0.4200     0.5100     0.5000     0.1200     0.5000     0          0.5200     0.4600     class2     
0.4800     0.5700     0.5200     0.6100     0.5000     0          0.5100     0.2200     one        
0.5200     0.3700     0.4800     0.1300     0.5000     0          0.5500     0.2200     class2     
0.5200     0.5000     0.6000     0.2000     0.5000     0          0.5200     0.2200     class7     
0.3700     0.3100     0.5300     0.1600     0.5000     0          0.5300     0.4400     class2     
0.5000     0.4700     0.4500     0.1400     0.5000     0          0.5300     0.3200     three      
0.6100     0.5700     0.4500     0.2100     0.5000     0          0.5000     0.4200     class2     
0.3700     0.5300     0.6000     0.1900     0.5000     0.5000     0.4200     0.2200     six        
0.6500     0.6600     0.3700     0.1200     0.5000     0          0.5200     0.2700     three      
0.4800     0.5000     0.4700     0.2900     0.5000     0          0.4600     0.2700     class2     
0.4500     0.4100     0.5300     0.4900     0.5000     0          0.4900     0.3100     class2     
0.6200     0.3300     0.4900     0.2400     0.5000     0          0.5100     0.4200     class7     
0.4800     0.4900     0.4500     0.2300     0.5000     0          0.5100     0.2200     three      
0.5900     0.5100     0.4800     0.1200     0.5000     0          0.5400     0.3100     class7     
0.8400     0.6300     0.3800     0.2300     0.5000     0          0.5300     0.2200     eight      
0.4500     0.4000     0.5600     0.1400     0.5000     0          0.5400     0.2200     class7     
0.4200     0.2800     0.5700     0.1800     0.5000     0          0.4200     0.2200     class2     
0.3600     0.5200     0.6100     0.3300     0.5000     0          0.5200     0.3700     class2     
0.5800     0.5000     0.5000     0.1200     0.5000     0          0.4800     0.2500     class2     
0.4500     0.4200     0.5200     0.2000     0.5000     0          0.5000     0.2500     class7     
0.3400     0.3400     0.6500     0.4000     0.5000     0          0.3200     0.1600     class7     
0.3200     0.4400     0.5400     0.2100     0.5000     0          0.4000     0.1900     class7     
0.4700     0.3900     0.5000     0.1100     0.5000     0          0.4900     0.4000     class7     
0.3700     0.5800     0.5000     0.2200     0.5000     0          0.4700     0.2200     class2     
0.3500     0.6800     0.5700     0.4000     0.5000     0          0.5300     0.3600     class2     
0.4800     0.3400     0.4700     0.1400     0.5000     0          0.4700     0.2600     class7     
0.2400     0.4100     0.4700     0.1600     0.5000     0          0.5100     0.3800     class2     
0.2900     0.6800     0.4700     0.2600     0.5000     0          0.4700     0.3700     class2     
0.5300     0.4400     0.5100     0.3300     0.5000     0          0.5200     0.2200     one        
0.6200     0.6000     0.4700     0.1600     0.5000     0          0.5300     0.2200     class7     
0.3800     0.4000     0.5900     0.2500     0.5000     0          0.4400     0.2200     class7     
0.5100     0.4300     0.6300     0.1800     0.5000     0          0.5200     0.2200     class7     
0.2100     0.3800     0.4900     0.1600     0.5000     0          0.5100     0.4500     class7     
0.5000     0.4500     0.4900     0.3000     0.5000     0          0.4700     0.4000     class2     
0.3800     0.3700     0.3600     0.1400     0.5000     0          0.5400     0.2200     three      
0.5100     0.3800     0.4200     0.2100     0.5000     0          0.4600     0.3400     three      
0.4300     0.5400     0.5800     0.1600     0.5000     0          0.5000     0.3600     class2     
0.3900     0.3900     0.5900     0.2500     0.5000     0          0.4500     0.2200     class7     
0.2900     0.4000     0.4100     0.4800     0.5000     0          0.5300     0.3000     class2     
0.7200     0.5600     0.4000     0.2600     0.5000     0          0.5100     0.2600     five       
0.4000     0.4400     0.4700     0.2500     0.5000     0          0.5400     0.5600     class2     
0.5600     0.5200     0.4800     0.1700     0.5000     0          0.4600     0.2200     class2     
0.3300     0.3800     0.4700     0.1400     0.5000     0          0.5100     0.4700     class2     
0.5000     0.6400     0.5700     0.1500     0.5000     0          0.4700     0.2200     class7     
0.6900     0.6000     0.5000     0.3100     0.5000     0          0.5500     0.2200     class7     
0.4600     0.5000     0.5000     0.2800     0.5000     0          0.5000     0.3700     class2     
0.3900     0.4400     0.2800     0.1200     0.5000     0          0.4600     0.2700     three      
0.4500     0.4500     0.5200     0.1700     0.5000     0          0.5400     0.2200     class7     
0.4800     0.5600     0.4900     0.3200     0.5000     0          0.5000     0.2200     class7     
0.3100     0.3100     0.5700     0.1500     0.5000     0          0.5000     0.2200     class7     
0.3600     0.4800     0.6100     0.2600     0.5000     0          0.5000     0.1600     class2     
0.7800     0.7400     0.5800     0.2500     1          0          0.5300     0.2200     ten        
0.5200     0.5100     0.5100     0.5400     0.5000     0          0.5500     0.2700     one        
0.5700     0.5200     0.4600     0.2000     0.5000     0.8300     0.5200     0.4100     six        
0.6300     0.5600     0.5200     0.2100     0.5000     0          0.5000     0.2200     class7     
0.2500     0.4000     0.5400     0.1600     0.5000     0          0.4300     0.2200     class7     
0.3400     0.5400     0.5400     0.1300     0.5000     0          0.5200     0.2200     class7     
0.8600     0.6800     0.3900     0.2400     0.5000     0          0.5400     0.2200     five       
0.5300     0.3800     0.6600     0.2500     0.5000     0          0.4300     0.2200     class2     
0.6300     0.6400     0.4500     0.2600     0.5000     0          0.4300     0.2200     class7     
0.6100     0.5400     0.4900     0.1600     0.5000     0          0.5400     0.4200     class7     
0.8100     0.6200     0.4300     0.1700     0.5000     0          0.5300     0.2200     five       
0.4500     0.5800     0.5900     0.4400     0.5000     0          0.5600     0.2200     one        
0.2600     0.3800     0.5200     0.3600     0.5000     0          0.4800     0.5600     class2     
0.5000     0.6200     0.5400     0.6600     0.5000     0          0.4900     0.2200     one        
0.4700     0.4100     0.6600     0.2600     0.5000     0          0.5300     0.2200     one        
0.6600     0.6000     0.5200     0.1900     0.5000     0          0.6900     0.2200     class7     
0.5300     0.4100     0.5000     0.2400     1          0          0.4700     0.2200     class7     
0.7400     0.7500     0.5800     0.4700     0.5000     0          0.4000     0.3500     five       
0.9000     0.5400     0.5900     0.2000     0.5000     0          0.4800     0.2200     class2     
0.5400     0.4300     0.4800     0.2700     0.5000     0          0.4400     0.4100     class7     
0.6300     0.5600     0.4500     0.5800     0.5000     0          0.5100     0.2200     one        
0.8300     0.5300     0.5200     0.2000     0.5000     0          0.4800     0.2500     five       
0.3300     0.3700     0.4900     0.2200     0.5000     0          0.5500     0.2200     class7     
0.3400     0.3100     0.6000     0.3700     0.5000     0          0.5000     0.3000     class2     
0.4200     0.5100     0.3300     0.1600     0.5000     0          0.5400     0.2200     three      
0.4500     0.4100     0.5000     0.4600     0.5000     0.5000     0.5000     0.2700     six        
0.3900     0.4000     0.5300     0.6700     0.5000     0          0.4700     0.2200     class7     
0.8300     0.8100     0.4500     0.3800     0.5000     0          0.4000     0.2600     eight      
0.5200     0.5400     0.4700     0.4900     0.5000     0          0.5400     0.2200     one        
0.5800     0.5300     0.3300     0.2600     0.5000     0          0.5100     0.2200     three      
0.4300     0.4000     0.6000     0.1600     0.5000     0          0.5300     0.3900     class2     
0.5600     0.5100     0.3200     0.4900     0.5000     0          0.4800     0.2200     class2     
0.5400     0.5500     0.4200     0.2200     0.5000     0          0.4800     0.2200     three      
0.3900     0.5600     0.3400     0.1800     0.5000     0          0.4900     0.2200     three      
0.6300     0.6500     0.4200     0.1800     0.5000     0          0.5400     0.2700     three      
0.4200     0.4200     0.5500     0.3100     0.5000     0          0.4300     0.2200     class2     
0.5000     0.4600     0.4900     0.2700     0.5000     0          0.6000     0.2200     class7     
0.4000     0.3600     0.5500     0.1500     0.5000     0          0.5300     0.2200     nine       
0.4800     0.4900     0.4900     0.2600     0.5000     0          0.3900     0.2700     nine       
0.5500     0.5300     0.5600     0.2900     0.5000     0          0.4800     0.2200     one        
0.5100     0.3900     0.5800     0.1900     0.5000     0          0.4700     0.2200     class7     
0.5900     0.5300     0.4700     0.2600     0.5000     0          0.5300     0.3100     class2     
0.3400     0.4200     0.3000     0.2300     0.5000     0          0.5300     0.2200     three      
0.4900     0.5600     0.3700     0.2000     0.5000     0          0.5300     0.2200     three      
0.6400     0.5300     0.4500     0.1300     0.5000     0          0.5300     0.2200     class7     
0.5100     0.5200     0.4800     0.5000     0.5000     0          0.5100     0.2200     one        
0.4500     0.5400     0.5400     0.6200     0.5000     0          0.5300     0.2200     one        
0.5400     0.5700     0.5500     0.1800     0.5000     0          0.5000     0.2200     class2     
0.3900     0.4200     0.4900     0.1000     0.5000     0          0.4900     0.6500     class2     
0.3000     0.5500     0.5800     0.1600     0.5000     0          0.6100     0.2800     class2     
0.4500     0.4600     0.6100     0.2000     0.5000     0          0.6200     0.2200     class7     
0.6100     0.7200     0.3900     0.3300     0.5000     0          0.5800     0.2200     one        
0.3800     0.4200     0.5000     0.1900     0.5000     0          0.4400     0.2200     class7     
0.6700     0.6800     0.4600     0.2900     0.5000     0          0.4600     0.2200     one        
0.5300     0.4300     0.4700     0.1500     0.5000     0          0.5800     0.2200     class7     
0.6200     0.5800     0.4600     0.1300     0.5000     0          0.5300     0.2200     class7     
0.4500     0.5900     0.5300     0.7400     0.5000     0          0.4700     0.2500     one        
0.4300     0.5700     0.5100     0.4900     0.5000     0          0.4800     0.2200     one        
0.3500     0.4900     0.4700     0.2200     0.5000     0          0.5000     0.2800     one        
0.4400     0.5500     0.5100     0.1600     0.5000     0          0.6000     0.2200     class7     
0.4000     0.7500     0.4400     0.1200     0.5000     0          0.4900     0.2200     class2     
0.8700     0.8300     0.5700     0.3600     0.5000     0          0.3600     0.2200     eight      
0.4100     0.5200     0.5300     0.4100     0.5000     0          0.3900     0.3300     one        
0.4500     0.5600     0.5400     0.3200     0.5000     0          0.5700     0.2200     class7     
0.4900     0.4200     0.5400     0.1700     0.5000     0          0.5000     0.3600     class7     
0.4900     0.4400     0.4500     0.5500     0.5000     0          0.4800     0.2200     one        
0.7700     0.5700     0.4500     0.1700     0.5000     0          0.5300     0.2200     class7     
0.6100     0.7300     0.5000     0.5800     0.5000     0          0.5000     0.2200     one        
0.5200     0.4900     0.5700     0.5700     0.5000     0          0.5100     0.2200     class2     
0.7800     0.6900     0.4400     0.2600     0.5000     0          0.5400     0.2200     class4     
0.6000     0.4000     0.5200     0.4600     0.5000     0          0.5300     0.2200     one        
0.3800     0.5800     0.4600     0.2100     0.5000     0          0.5200     0.2200     class2     
0.4400     0.4200     0.6000     0.2100     0.5000     0          0.5700     0.2200     class7     
0.3600     0.3300     0.3800     0.1500     0.5000     0          0.5500     0.3600     three      
0.4400     0.6800     0.4500     0.5100     0.5000     0          0.5200     0.4100     one        
0.3600     0.6800     0.3800     0.0800     0.5000     0          0.5300     0.2500     nine       
0.4200     0.3100     0.5000     0.1500     0.5000     0          0.5300     0.2200     class2     
0.6300     0.6000     0.5000     0.2700     0.5000     0          0.5500     0.2200     one        
0.6600     0.6500     0.5300     0.1700     0.5000     0          0.4700     0.6600     class2     
0.6200     0.5800     0.5200     0.1500     0.5000     0          0.5200     0.2900     class7     
0.3700     0.4000     0.3800     0.1800     0.5000     0          0.5100     0.2200     three      
0.5300     0.3100     0.5800     0.3900     0.5000     0          0.4700     0.3700     class2     
0.6300     0.6100     0.4100     0.2200     0.5000     0          0.5100     0.2200     three      
0.4100     0.5900     0.4600     0.1900     0.5000     0          0.3600     0.2200     eight      
0.3600     0.6800     0.4600     0.1600     0.5000     0          0.5300     0.2800     class2     
0.4600     0.5900     0.3800     0.1200     0.5000     0          0.5000     0.2200     three      
0.5600     0.5200     0.4600     0.1700     0.5000     0          0.4900     0.7300     class7     
0.5100     0.5500     0.3500     0.1600     0.5000     0          0.5100     0.4700     three      
0.5800     0.4600     0.4600     0.3400     0.5000     0          0.5000     0.4300     class2     
0.8900     0.5200     0.4100     0.2600     0.5000     0          0.5200     0.3100     five       
0.4400     0.3500     0.5500     0.1400     0.5000     0          0.5200     0.2200     nine       
0.5800     0.5200     0.6100     0.3300     0.5000     0          0.3800     0.1100     one        
0.6400     0.5600     0.5600     0.2200     0.5000     0          0.4500     0.2200     class7     
0.3900     0.3500     0.4900     0.1700     0.5000     0          0.4900     0.2200     class2     
0.5500     0.4600     0.5300     0.1100     0.5000     0          0.5200     0.4800     class7     
0.4000     0.4300     0.4900     0.1700     0.5000     0          0.5100     0.3600     class2     
0.3400     0.3800     0.4500     0.1900     0.5000     0          0.5100     0.2200     five       
0.4400     0.4300     0.4600     0.2800     0.5000     0          0.4500     0.2900     class2     
0.2800     0.1800     0.7200     0.2600     0.5000     0          0.4900     0.2500     one        
0.5500     0.3500     0.3600     0.2900     0.5000     0          0.5100     0.2200     three      
0.3200     0.3200     0.5200     0.1800     0.5000     0          0.4800     0.3400     class7     
0.3800     0.4800     0.5700     0.3000     0.5000     0          0.4100     0.1100     class7     
0.5900     0.4500     0.5800     0.2100     0.5000     0          0.4900     0.2200     one        
0.3500     0.3900     0.5600     0.2000     0.5000     0          0.4900     0.4100     class7     
0.4800     0.4300     0.5100     0.3200     0.5000     0          0.5200     0.4300     class2     
0.6300     0.5700     0.5000     0.4800     0.5000     0          0.5100     0.2200     one        
0.4600     0.5400     0.7100     0.1500     0.5000     0          0.5900     0.2200     one        
0.5800     0.5800     0.5800     0.4900     0.5000     0          0.4900     0.2600     one        
0.4600     0.4100     0.4500     0.2300     0.5000     0          0.4800     0.2200     class2     
0.7200     0.6200     0.3400     0.2900     0.5000     0          0.5600     0.2800     one        
0.5600     0.5900     0.4500     0.1500     0.5000     0          0.5400     0.2200     one        
0.3700     0.4600     0.4000     0.2700     0.5000     0          0.4500     0.2200     class2     
0.3500     0.5000     0.4400     0.2700     0.5000     0          0.5100     0.2200     class7     
0.7900     0.7400     0.4900     0.3300     0.5000     0          0.4800     0.2200     eight      
0.4900     0.5300     0.3600     0.1500     0.5000     0          0.5200     0.2700     three      
0.2500     0.4100     0.4700     0.1400     0.5000     0          0.5600     0.6800     class2     
0.4600     0.5300     0.4700     0.3700     0.5000     0          0.5100     0.3600     class2     
0.7100     0.5000     0.5000     0.1800     0.5000     0          0.4600     0.2200     class7     
0.5800     0.4400     0.4500     0.3200     0.5000     0          0.5200     0.3700     class2     
0.4100     0.4500     0.4600     0.2300     0.5000     0          0.5000     0.7000     class7     
0.4400     0.4100     0.5800     0.2000     0.5000     0          0.5700     0.2500     class7     
0.5600     0.6200     0.5300     0.2400     0.5000     0          0.5700     0.2200     class7     
0.4900     0.6200     0.6500     0.1800     0.5000     0          0.4600     0.4300     class2     
0.5700     0.5900     0.4900     0.8600     0.5000     0          0.4700     0.2200     class2     
0.3900     0.2800     0.4600     0.1200     0.5000     0          0.4100     0.2200     class2     
0.5500     0.3900     0.3900     0.4700     0.5000     0          0.5000     0.8300     three      
0.7700     0.8000     0.5100     0.4000     1          0          0.5400     0.2200     ten        
0.6400     0.5200     0.5000     0.2600     0.5000     0          0.5100     0.3100     class2     
0.9400     0.6000     0.3300     0.4900     0.5000     0          0.5400     0.2200     five       
0.4600     0.3500     0.6900     0.1800     0.5000     0          0.3000     0.2500     class7     
0.5000     0.4500     0.4800     0.1700     0.5000     0          0.5000     0.2600     class7     
0.7700     0.7200     0.4800     0.2600     0.5000     0          0.5100     0.2200     eight      
0.8100     0.9000     0.3900     0.4100     0.5000     0          0.5300     0.2200     five       
0.3400     0.3500     0.6100     0.1900     0.5000     0          0.5200     0.2500     class2     
0.5300     0.4200     0.5800     0.2900     0.5000     0          0.5000     0.2200     one        
0.4700     0.3700     0.4600     0.2800     0.5000     0          0.5200     0.9900     class2     
0.4800     0.2300     0.5700     0.2700     0.5000     0          0.4800     0.4700     class2     
0.3900     1          0.3800     0.4100     0.5000     0          0.5000     0.2700     one        
0.4400     0.5300     0.4300     0.1700     0.5000     0          0.5400     0.7500     class2     
0.5500     0.3800     0.6400     0.4200     0.5000     0          0.4700     0.2200     one        
0.4000     0.4500     0.5600     0.2000     0.5000     0          0.4500     0.2200     class7     
0.4800     0.4600     0.3800     0.2900     0.5000     0          0.5300     0.2200     three      
0.6800     0.3900     0.5000     0.1500     0.5000     0          0.4800     0.3700     class2     
0.3300     0.2800     0.5000     0.4000     0.5000     0          0.4600     0.6100     class2     
0.3700     0.2200     0.6400     0.3500     0.5000     0          0.4700     0.2200     class2     
0.6900     0.5700     0.3900     0.1900     0.5000     0          0.4800     0.3900     five       
0.4200     0.5800     0.4100     0.6500     0.5000     0          0.4600     0.2600     one        
0.4700     0.4900     0.6000     0.1500     0.5000     0          0.3800     0.2200     class7     
0.6600     0.5400     0.4900     0.1600     0.5000     0          0.5400     0.3600     class2     
0.3400     0.4600     0.5200     0.1900     0.5000     0          0.5300     0.2600     class7     
0.4700     0.5800     0.4700     0.5200     0.5000     0          0.5400     0.2200     one        
0.5800     0.3800     0.4000     0.2100     0.5000     0          0.5000     0.2200     class7     
0.5900     0.6700     0.5600     0.4100     0.5000     0          0.4700     0.2200     one        
0.4600     0.4600     0.5600     0.1200     0.5000     0          0.5500     0.2200     one        
0.4100     0.5200     0.4100     0.1100     0.5000     0          0.5400     0.3500     class7     
0.5900     0.5600     0.5000     0.4800     0.5000     0          0.4600     0.2200     one        
0.5200     0.6400     0.3400     0.1600     0.5000     0          0.5700     0.2200     one        
0.3800     0.4900     0.5400     1          0.5000     0          0.5000     0.2700     class7     
0.3800     0.3800     0.5400     0.2400     0.5000     0          0.5400     0.2200     class2     
0.4700     0.3800     0.5000     0.1500     0.5000     0          0.4900     0.4700     class2     
0.7600     0.7400     0.5600     0.3400     0.5000     0          0.5100     0.3000     five       
0.5200     0.4800     0.5400     0.2800     0.5000     0          0.5400     0.2200     class2     
0.4900     0.4800     0.5200     0.2400     0.5000     0          0.5000     0.2200     class7     
0.5700     0.4300     0.5200     0.3000     0.5000     0          0.3700     0.1100     class7     
1          0.8000     0.2900     0.3600     0.5000     0          0.5200     0.2200     class4     
0.6800     0.5000     0.4300     0.2700     0.5000     0          0.6100     0.2200     five       
0.5900     0.5800     0.5600     0.2100     0.5000     0          0.5400     0.3300     class2     
0.4800     0.4500     0.5900     0.2000     0.5000     0          0.5800     0.3400     class2     
0.2400     0.3400     0.6900     0.1800     0.5000     0          0.5200     0.2200     class7     
0.3400     0.4600     0.5700     0.0900     0.5000     0          0.5500     0.2200     class7     
0.7000     0.6900     0.4300     0.3300     0.5000     0          0.5800     0.2200     class4     
0.4200     0.3700     0.5400     0.1700     0.5000     0          0.5100     0.2200     class7     
0.3100     0.5000     0.5400     0.3200     0.5000     0          0.5300     0.3100     class2     
0.4700     0.6100     0.5000     0.2300     0.5000     0          0.4900     0.2200     three      
0.5400     0.5200     0.6300     0.3700     0.5000     0          0.4600     0.2200     one        
0.2900     0.3200     0.5800     0.1500     0.5000     0          0.5000     0.3000     class7     
0.4900     0.6000     0.4300     0.5600     0.5000     0          0.3600     0.2200     one        
0.3300     0.3500     0.5600     0.1900     0.5000     0          0.5000     0.2200     class2     
0.7000     0.7800     0.5300     0.2400     0.5000     0          0.4800     0.2200     nine       
0.4700     0.3200     0.5100     0.2400     0.5000     0          0.5400     0.2700     class2     
0.4900     0.4600     0.4200     0.4600     0.5000     0          0.5500     0.2200     class2     
0.2200     0.5300     0.3600     0.2200     0.5000     0          0.5400     0.3100     three      
0.4900     0.4900     0.5100     0.2900     0.5000     0          0.5200     0.7100     class2     
0.4000     0.3700     0.5400     0.1300     0.5000     0          0.4800     0.2200     class2     
0.5200     0.6500     0.3600     0.2600     0.5000     0          0.4400     0.2200     three      
0.5100     0.5000     0.5400     0.1100     0.5000     0          0.6000     0.2200     class2     
0.6100     0.4600     0.5400     0.1100     0.5000     0          0.4700     0.2200     class7     
0.1900     0.4100     0.5500     0.1300     0.5000     0          0.5200     0.2500     class7     
0.5000     0.3600     0.6400     0.3700     0.5000     0          0.3700     0.3300     class2     
0.5100     0.3400     0.4900     0.1600     0.5000     0          0.5300     0.2100     class2     
0.7400     0.7500     0.4500     0.4400     0.5000     0          0.5200     0.2200     six        
0.4700     0.4600     0.5300     0.1200     0.5000     0          0.5100     0.2500     class2     
0.6000     0.6200     0.5400     0.4000     0.5000     0          0.5000     0.2200     one        
0.3300     0.3600     0.6200     0.2600     0.5000     0          0.5500     0.2200     class7     
0.4300     0.5100     0.5400     0.1500     0.5000     0          0.4500     0.2600     class2     
0.5100     0.4600     0.5700     0.2500     0.5000     0          0.5300     0.2200     class7     
0.5100     0.3900     0.5600     0.5500     0.5000     0          0.4600     0.6400     one        
0.4800     0.5800     0.4700     0.1700     0.5000     0          0.5300     0.7400     class7     
0.4900     0.6000     0.5500     0.1700     0.5000     0          0.4400     0.2200     class7     
0.4200     0.4700     0.5200     0.4100     0.5000     0          0.5300     0.3200     class7     
0.6900     0.7000     0.5200     0.3600     0.5000     0          0.4600     0.2200     eight      
0.4600     0.6100     0.5500     0.2900     0.5000     0          0.4900     0.2200     one        
0.4600     0.5400     0.5900     0.4100     0.5000     0          0.5300     0.2100     class7     
0.7700     0.6800     0.3500     0.1900     0.5000     0          0.5300     0.4300     class4     
0.7800     0.6300     0.5300     0.1300     0.5000     0          0.5400     0.2200     five       
0.5700     0.5800     0.5800     0.3500     0.5000     0          0.4900     0.2200     one        
0.4800     0.5800     0.5800     0.1200     0.5000     0          0.4900     0.2200     nine       
0.3900     0.4200     0.3800     0.4000     0.5000     0          0.4900     0.4700     three      
0.5000     0.4800     0.4800     0.2300     0.5000     0          0.5300     0.6800     class7     
0.4200     0.3200     0.6100     0.1300     0.5000     0          0.1400     0.2700     class2     
0.5400     0.6500     0.4900     0.3400     0.5000     0          0.5200     0.2200     class7     
0.3900     0.4500     0.7500     0.1700     0.5000     0          0.5100     0.2200     class7     
0.5800     0.4500     0.5500     0.2700     0.5000     0          0.4800     0.1100     class7     
0.2700     0.3900     0.6600     0.1100     0.5000     0          0.4400     0.2200     one        
0.4800     0.5400     0.5000     0.1700     0.5000     0          0.5300     0.2200     class2     
0.4000     0.7400     0.4900     0.1600     0.5000     0          0.5100     0.2200     one        
0.5500     0.5900     0.4700     0.6400     0.5000     0          0.5400     0.3300     one        
0.4300     0.5200     0.5300     0.5200     1          0          0.4900     0.2200     class7     
0.5500     0.7900     0.4500     0.2500     0.5000     0          0.5100     0.2200     class2     
0.4100     0.5400     0.5800     0.2000     0.5000     0          0.5200     0.2200     one        
0.3000     0.5000     0.4700     0.1100     0.5000     0          0.4600     0.2200     class7     
0.5600     0.5000     0.5600     0.2600     0.5000     0          0.5300     0.2700     class2     
0.5400     0.5900     0.5700     0.3400     0.5000     0          0.4900     0.2200     class2     
0.8500     0.6900     0.3400     0.3100     0.5000     0          0.5700     0.3000     class4     
0.5800     0.4100     0.5100     0.2600     0.5000     0          0.5100     0.3700     class7     
0.5100     0.5400     0.6000     0.5700     0.5000     0          0.5800     0.2200     one        
0.3800     0.4900     0.5300     0.1900     0.5000     0          0.5000     0.2200     class7     
0.5100     0.4500     0.6200     0.2500     0.5000     0          0.5900     0.2200     one        
0.6000     0.4600     0.5900     0.1600     0.5000     0          0.4900     0.2200     one        
0.3900     0.3700     0.5600     0.1500     0.5000     0          0.5000     0.2700     class7     
0.5800     0.3700     0.5800     0.1600     0.5000     0          0.5100     0.2200     class2     
0.5000     0.4000     0.5600     0.7000     0.5000     0          0.5000     0.2200     one        
0.6600     0.5200     0.5200     0.4400     0.5000     0          0.5600     0.2700     one        
0.4500     0.5700     0.5200     0.2100     0.5000     0          0.5400     0.3800     class2     
0.2000     0.3400     0.3300     0.1000     0.5000     0          0.4800     0.3100     three      
0.3800     0.4000     0.6600     0.3500     0.5000     0          0.4300     0.1100     class7     
0.2500     0.4200     0.2100     0.1400     0.5000     0          0.4100     0.2200     three      
0.9200     0.6600     0.5200     0.2300     0.5000     0          0.5300     0.2200     class4     
0.5700     0.3600     0.5100     0.2500     0.5000     0          0.5400     0.2500     class7     
0.7400     0.7300     0.3200     0.2000     0.5000     0          0.5500     0.2200     class4     
0.2800     0.5100     0.5500     0.1100     0.5000     0          0.4600     0.2200     class2     
0.4100     0.4500     0.5300     0.1700     0.5000     0          0.5100     0.2500     class2     
0.5200     0.4600     0.5100     0.1800     0.5000     0          0.5000     0.2200     class7     
0.4700     0.5300     0.4800     0.5100     0.5000     0          0.5400     0.2200     one        
0.4400     0.4900     0.4900     0.2700     0.5000     0          0.5200     0.2200     class7     
0.6900     0.7000     0.5000     0.3000     0.5000     0          0.5400     0.2200     nine       
0.4700     0.4500     0.5300     0.6200     0.5000     0          0.4600     0.2200     one        
0.2700     0.4300     0.5000     0.1300     0.5000     0          0.5400     0.3100     class7     
0.4700     0.5000     0.6000     0.6300     0.5000     0          0.3800     0.1600     class7     
0.4400     0.5900     0.3600     0.1600     0.5000     0          0.5200     0.2200     three      
0.4500     0.5700     0.3000     0.1700     0.5000     0          0.5100     0.2200     three      
0.3000     0.3300     0.5500     0.1200     0.5000     0          0.5300     0.3800     class7     
0.3600     0.3700     0.3300     0.1400     0.5000     0          0.5700     0.3100     three      
0.3800     0.6200     0.5200     0.1400     0.5000     0          0.5300     0.2200     class7     
0.4000     0.2800     0.4800     0.0600     0.5000     0          0.4900     0.4200     class2     
0.4600     0.3300     0.4500     0.2200     0.5000     0          0.4100     0.3700     class7     
0.8500     0.5600     0.3300     0.3800     1          0          0.5500     0.2500     ten        
0.5600     0.4500     0.5900     0.1400     0.5000     0          0.5100     0.2600     class2     
0.4700     0.5400     0.5300     0.7700     0.5000     0          0.5200     0.3600     one        
0.6400     0.6100     0.5600     0.1500     0.5000     0          0.5400     0.2200     nine       
0.4600     0.4300     0.5000     0.2400     0.5000     0          0.4800     0.3100     class7     
0.2900     0.4300     0.4000     0.1500     0.5000     0          0.5300     0.2200     three      
0.5100     0.4800     0.5800     0.2200     0.5000     0          0.5000     0.2800     class2     
0.4500     0.3800     0.6400     0.1400     0.5000     0          0.5400     0.2200     one        
0.3500     0.3200     0.3100     0.1600     0.5000     0          0.5600     0.2200     three      
0.5700     0.4900     0.4800     0.1600     0.5000     0          0.5100     0.2200     class2     
0.6500     0.6200     0.2600     0.3300     0.5000     0          0.5500     0.2200     three      
0.5200     0.3800     0.6200     0.1200     0.5000     0          0.4100     0.2800     class2     
0.6300     0.5700     0.5900     0.4000     0.5000     0          0.3800     0.2200     one        
0.4600     0.3800     0.5100     0.2000     0.5000     0          0.5100     0.2200     class7     
0.5500     0.4100     0.5600     0.2100     0.5000     0          0.5200     0.2200     class7     
0.5900     0.5400     0.5300     0.1400     0.5000     0          0.4800     0.2200     class7     
0.3000     0.3700     0.4000     0.4500     0.5000     0          0.4800     0.4100     three      
0.5200     0.7500     0.3700     0.1400     0.5000     0          0.4600     0.2200     three      
0.4800     0.6500     0.3600     0.2400     0.5000     0          0.5400     0.3100     class2     
0.5500     0.4600     0.4700     0.1500     0.5000     0          0.4700     0.2200     three      
0.7500     0.7300     0.3500     0.3300     0.5000     0          0.4900     0.2800     class4     
0.4100     0.3500     0.6000     0.2200     0.5000     0          0.5600     0.7900     class7     
0.5700     0.5100     0.5800     0.2200     0.5000     0          0.5100     0.2200     class2     
0.5900     0.5800     0.3900     0.5200     0.5000     0          0.5000     0.3100     class7     
0.5800     0.4800     0.5100     0.4700     0.5000     0          0.5500     0.2200     class2     
0.5000     0.4100     0.4400     0.5000     0.5000     0          0.4200     0.2200     one        
0.4100     0.4100     0.4300     0.6100     0.5000     0          0.5300     0.2200     one        
0.4800     0.5500     0.5800     0.1800     0.5000     0          0.3800     0.6900     class2     
0.2700     0.3600     0.6000     0.3300     0.5000     0          0.3700     0.3100     class2     
0.4100     0.4200     0.2300     0.1600     0.5000     0          0.4000     0.2200     three      
0.3200     0.4200     0.5200     0.2400     0.5000     0          0.6000     0.2200     class7     
0.4400     0.7100     0.5000     0.2100     0.5000     0          0.5400     0.2700     class7     
0.5500     0.5000     0.6000     0.3100     0.5000     0          0.4600     0.2700     one        
0.4100     0.4600     0.5800     0.0800     0.5000     0          0.5100     0.2800     class2     
0.5400     0.5400     0.4900     0.1400     0.5000     0          0.5600     0.2200     class7     
0.4100     0.3900     0.5100     0.5200     0.5000     0          0.4900     0.2200     class7     
0.5200     0.4700     0.5800     0.1800     0.5000     0          0.3400     0.1100     class7     
0.5000     0.5600     0.4900     0.6100     0.5000     0          0.5000     0.2200     one        
0.5900     0.5800     0.4700     0.6100     0.5000     0          0.4400     0.3000     one        
0.2800     0.4100     0.4600     0.1800     0.5000     0          0.4700     0.3900     class2     
0.7800     0.8200     0.5600     0.2100     0.5000     0          0.6900     0.2200     class7     
0.3900     0.4400     0.5400     0.2400     0.5000     0          0.5100     0.4900     class2     
0.4200     0.4400     0.4800     0.5400     0.5000     0          0.4800     0.2200     one        
0.4400     0.5300     0.5300     0.3700     0.5000     0          0.5100     0.2200     one        
0.4800     0.4600     0.5800     0.1600     0.5000     0          0.4500     0.2200     class7     
0.7000     0.7300     0.3700     0.3700     0.5000     0          0.4800     0.3100     class4     
0.4500     0.5600     0.5100     0.6400     0.5000     0          0.5400     0.2200     one        
0.3700     0.3400     0.5800     0.2400     0.5000     0          0.4400     0.1800     class2     
0.4300     0.4500     0.5400     0.1400     0.5000     0          0.5000     0.3100     class7     
0.4100     0.4900     0.6500     0.2800     0.5000     0          0.5900     0.5700     class7     
0.5600     0.6300     0.5200     0.2000     0.5000     0          0.3400     0.2600     class2     
0.5400     0.5300     0.4800     0.1400     0.5000     0          0.4900     0.3300     class2     
0.5600     0.4800     0.5000     0.1700     0.5000     0          0.5100     0.2600     class7     
0.3400     0.3400     0.6500     0.4000     0.5000     0          0.3200     0.1600     class7     
0.5700     0.5700     0.4400     0.3700     0.5000     0          0.5200     0.2500     one        
0.4600     0.4100     0.5000     0.4400     0.5000     0          0.5300     0.2200     one        
0.4900     0.4700     0.5200     0.1600     0.5000     0          0.5300     0.2800     class7     
0.3700     0.5500     0.2900     0.3200     0.5000     0          0.5100     0.2200     three      
0.4000     0.4400     0.5000     0.1300     0.5000     0          0.5200     0.3900     class7     
0.4900     0.3900     0.5200     0.2900     0.5000     0          0.4800     0.2200     eight      
0.4900     0.6000     0.5400     0.3500     0.5000     0          0.5300     0.4600     class2     
0.2800     0.2700     0.5000     0.1400     0.5000     0          0.5000     0.2800     class7     
0.7700     0.6000     0.4200     0.3300     0.5000     0          0.5700     0.2200     five       
0.3200     0.3600     0.3400     0.1900     0.5000     0          0.5500     0.2600     three      
0.3800     0.3700     0.5600     0.2100     0.5000     0          0.4900     0.2200     class2     
0.2900     0.3400     0.5500     0.2400     0.5000     0          0.5100     0.2200     class7     
0.7100     0.5900     0.5300     0.1500     0.5000     0          0.4900     0.3300     class7     
0.3100     0.3100     0.5600     0.3300     0.5000     0          0.5200     0.3300     class2     
0.3800     0.3400     0.5500     0.4400     0.5000     0          0.4800     0.2600     class7     
0.4700     0.5600     0.4600     0.5000     0.5000     0          0.5100     0.2200     one        
0.6100     0.3800     0.5700     0.3600     0.5000     0          0.4400     0.2100     class7     
0.3600     0.5600     0.5200     0.1800     0.5000     0          0.4500     0.1600     class7     
0.4600     0.4300     0.4900     0.7900     0.5000     0          0.4900     0.6300     class2     
0.2500     0.3900     0.5000     0.2300     0.5000     0          0.5000     0.2800     class2     
0.5000     0.5000     0.4800     0.3400     0.5000     0          0.5200     0.2700     class2     
0.3000     0.5600     0.5500     0.1800     0.5000     0          0.5000     0.2200     class7     
0.4800     0.5700     0.5000     0.0900     0.5000     0          0.5200     0.4200     class2     
0.4500     0.4600     0.5500     0.4300     0.5000     0          0.5500     0.3800     class2     
0.6300     0.6700     0.5700     0.2400     0.5000     0          0.4900     0.2200     one        
0.5900     0.4600     0.4800     0.4600     0.5000     0          0.4900     0.2200     class7     
0.6100     0.3900     0.5300     0.1400     0.5000     0          0.4300     0.2600     class2     
0.4500     0.4000     0.5000     0.1600     0.5000     0          0.5000     0.2200     class7     
0.6700     0.5700     0.3600     0.1900     0.5000     0          0.5600     0.2200     five       
0.4700     0.4700     0.5800     0.1600     0.5000     0          0.4900     0.2800     class7     
0.3900     0.6300     0.4100     0.2700     0.5000     0          0.4900     0.2200     three      
0.2500     0.4000     0.5100     0.1800     0.5000     0          0.5000     0.2700     class7     
0.7000     0.5800     0.5300     0.3900     0.5000     0          0.5900     0.2200     eight      
0.6000     0.5700     0.5200     0.1400     0.5000     0          0.4600     0.4800     class2     
0.5800     0.5300     0.5700     0.4600     0.5000     0          0.5100     0.2700     one        
0.4800     0.6100     0.5700     0.1700     0.5000     0          0.4500     0.2200     class7     
0.6700     0.6300     0.3400     0.4100     0.5000     0          0.6000     0.3300     class4     
0.5300     0.5000     0.5400     0.5600     0.5000     0          0.4900     0.4100     one        
0.4700     0.5200     0.5400     0.2500     0.5000     0          0.5400     0.2900     one        
0.5100     0.5000     0.4900     0.4500     0.5000     0          0.4800     0.2200     one        
0.2500     0.3600     0.5800     0.3000     0.5000     0          0.5800     0.3100     class2     
0.4000     0.2800     0.5800     0.4400     0.5000     0          0.4100     0.2200     class7     
0.3400     0.4700     0.4800     0.3200     0.5000     0          0.4200     0.2200     class2     
0.5900     0.6500     0.5200     0.3000     0.5000     0          0.4600     0.3100     class7     
0.5300     0.5200     0.6100     0.3500     0.5000     0          0.5000     0.2200     one        
0.4500     0.5600     0.4900     0.1700     0.5000     0          0.5200     0.2200     class7     
0.5900     0.4600     0.5700     0.1700     0.5000     0          0.5200     0.2200     class7     
0.7500     0.7600     0.5800     0.2200     0.5000     0          0.4900     0.2200     eight      
0.3000     0.5000     0.3400     0.2600     0.5000     0          0.5100     0.2200     three      
0.7400     0.7200     0.5000     0.2800     0.5000     0          0.4900     0.2700     eight      
0.5900     0.6400     0.4400     0.2600     0.5000     0          0.5000     0.2200     class7     
0.8000     0.8300     0.4300     0.2400     0.5000     0          0.5400     0.2200     class4     
0.6000     0.6800     0.3000     0.2700     0.5000     0          0.5500     0.2200     three      
0.9100     0.6900     0.5700     0.4500     0.5000     0          0.5600     0.2200     five       